Please input file name: graph8.txt

graph8.txt Contents:

0 29 20 21 16 31 100 12 4 31
29 0 15 29 28 40 72 21 29 41
20 15 0 17 18 35 85 13 25 38
21 29 17 0 12 26 60 20 27 42
16 28 18 12 0 22 61 19 23 37
31 40 35 26 22 0 55 25 30 50
100 72 85 60 61 55 0 66 59 80
12 21 13 20 19 25 66 0 11 30
4 29 25 27 23 30 59 11 0 36
31 41 38 42 37 50 80 30 36 0

*********Output according to graph8.txt contents:

Optimal Tour Cost = [ 266, <1,9,7,6,5,4,3,2,8,10,1> ]